869.826211549
827.334195919
975.646584121
845.924146312
916.562345052
950.278675241
960.546585139
947.840464755
996.551783662
937.896515590
61.736243687
991.089556560
756.284424804
1002.913255591
931.175001783
738.934650245
949.546163422
991.812921426
804.755681679
954.267020971
699.558585106
752.711416676
970.032684427
956.701471363
993.241077555
948.128155201
441.967555936
995.670915300
984.881553023
975.632368959
909.516067286
1000.120641947
881.974247994
992.137919816
968.771643301
958.195371237
940.548659708
883.524567562
836.480985454
991.072169100
853.585640463
1025.287868278
936.255572774
593.819302294
944.768455135
987.167721496
732.982255495
902.923559578
979.063389151
957.278602911
723.859276991
1362.049587677
972.145615937
987.472715830
882.653090717
978.079051374
885.332229379
886.410391185
991.640382220
860.102252970
919.703133350
958.686805821
783.664735748
965.842774807
998.924203569
942.955372435
879.710867465
993.900088146
997.528827863
997.566587735
995.953650203
990.963307177
891.305331632
1267.543587981
928.861819459
988.319597989
987.784221017
994.764693516
952.410656797
957.261232198
904.595966818
645.770184532
1010.302087668
486.332091585
955.296738047
967.347389156
994.232916809
607.740227427
640.532559837
979.666508835
998.489360344
989.596716730
-124.678844221
992.590815661
999.921681047
672.356207768
889.101940577
694.482432861
935.445243608
874.323904819
931.025354342
927.589737781
951.289041077
970.828954954
546.833506757
475.207342124
926.738003412
997.296535526
719.459030381
801.982970337
801.091264806
987.743468594
998.611976209
949.316352501
971.645415165
941.691647264
882.778951058
987.340663129
901.680133192
982.656197312
967.151477211
995.616834877
539.738135526
965.286893004
928.391750975
994.905295384
998.103754998
954.862329604
799.152031306
933.979742605
957.480275085
883.189375622
912.183798906
841.883942457
898.774702630
892.573039900
961.993095745
965.000184634
994.528475777
987.829640939
1033.204461338
1000.422294997
964.816119308
992.107773234
952.208134199
904.959555511
143.734177215
995.889923368
847.068219188
995.877758394
982.004282117
1000.003801463
999.038132270
1000.000451226
996.001129070
1000.066865162
998.002767177
999.000302446
998.000326768
969.000882182
998.001219481
998.000325778
998.000039931
999.012992122
997.000716484
1000.003964383
1000.000937679
998.001663900
991.001222340
998.000037669
995.000151037
992.000746215
996.000550365
1000.000611752
999.000709880
999.001735029
998.001239836
998.001671247
998.007022873
1000.000466148
1000.000571269
988.002114923
998.000339964
999.058270415
1000.000128059
1000.025056498
1000.001307987
996.001345497
994.000570012
997.002582875
998.000567468
994.003433673
1000.000245921
989.000959648
993.002105489
999.002281694
1000.001049588
998.001087001
998.000468089
991.000147053
